#Time         gpu  rxpci  txpci 
#HH:MM:SS     Idx   MB/s   MB/s 
 19:23:07       0     18     32 
 19:23:08       0      0      0 
 19:23:09       0      0      0 
 19:23:10       0  11171   1199 
 19:23:12       0     46     17 
 19:23:13       0      0      0 
 19:23:14       0    589    223 
 19:23:15       0    119     45 
 19:23:16       0    150     42 
 19:23:17       0    153    925 
 19:23:18       0    174     45 
 19:23:19       0    174     37 
 19:23:20       0    457    935 
 19:23:21       0    174     51 
 19:23:22       0    165     28 
 19:23:23       0    629    215 
 19:23:24       0    415    529 
 19:23:25       0   4132     45 
 19:23:26       0    174     45 
 19:23:27       0      6    222 
 19:23:28       0     67     45 
 19:23:29       0    116     44 
 19:23:30       0    174     45 
 19:23:31       0    117     59 
 19:23:32       0    174     45 
 19:23:34       0    174     45 
 19:23:35       0    174     45 
 19:23:36       0    109   1257 
 19:23:37       0    142    732 
 19:23:38       0      7   1274 
 19:23:39       0     67     45 
 19:23:40       0   1061     36 
 19:23:41       0     81    268 
 19:23:42       0    164     42 
 19:23:43       0    174     45 
 19:23:44       0    116     38 
 19:23:45       0   1061   3550 
 19:23:46       0    123    223 
 19:23:47       0    187     30 
 19:23:48       0   1067     30 
 19:23:49       0    186     32 
 19:23:50       0   4659     31 
 19:23:51       0    150     38 
 19:23:52       0    174     45 
#Time         gpu  rxpci  txpci 
#HH:MM:SS     Idx   MB/s   MB/s 
 19:23:53       0    174     45 
 19:23:55       0    133     40 
 19:23:56       0   1067     30 
 19:23:57       0      6   3717 
 19:23:58       0     67     45 
 19:23:59       0    143   1580 
 19:24:00       0    174     32 
 19:24:01       0    174     45 
 19:24:02       0    174     45 
 19:24:03       0    174     53 
 19:24:04       0    175     45 
 19:24:05       0    174     52 
 19:24:06       0    174     45 
 19:24:07       0      6    339 
 19:24:08       0      6   3717 
 19:24:09       0      6    215 
 19:24:10       0   4658     34 
 19:24:11       0    159     28 
 19:24:12       0    174     45 
 19:24:13       0    174     45 
 19:24:14       0      6   3770 
 19:24:15       0    126   1432 
 19:24:17       0    135    580 
 19:24:18       0    174     45 
 19:24:19       0      6    215 
 19:24:20       0   1007   3543 
 19:24:21       0    169    769 
 19:24:22       0    174    538 
 19:24:23       0   8482    970 
 19:24:24       0   9512   1102 
 19:24:25       0   9521    703 
 19:24:26       0      7    269 
 19:24:27       0    154   1373 
 19:24:28       0    146    242 
 19:24:29       0    177     29 
 19:24:30       0    174     37 
 19:24:31       0    174     53 
 19:24:32       0    174     45 
 19:24:33       0     84   1208 
 19:24:34       0    133     40 
 19:24:35       0    174     45 
 19:24:36       0    174     45 
 19:24:37       0      7   1063 
 19:24:39       0   4478     34 
#Time         gpu  rxpci  txpci 
#HH:MM:SS     Idx   MB/s   MB/s 
 19:24:40       0    179    449 
 19:24:41       0      0      0 
 19:24:42       0      0      0 
 19:24:43       0      0      0 
