#Time         gpu  rxpci  txpci 
#HH:MM:SS     Idx   MB/s   MB/s 
 19:49:30       0     19     30 
 19:49:31       0      0      0 
 19:49:33       0      0      0 
 19:49:34       0  10768   1196 
 19:49:35       0     97    127 
 19:49:36       0      0      0 
 19:49:37       0      7    215 
 19:49:38       0    116     45 
 19:49:39       0    177    449 
 19:49:40       0    103    215 
 19:49:41       0    174     45 
 19:49:42       0    174     45 
 19:49:43       0   1660   3534 
 19:49:44       0    174     43 
 19:49:45       0    165     43 
 19:49:46       0      7    269 
 19:49:47       0    133     40 
 19:49:48       0    178     45 
 19:49:49       0    174     45 
 19:49:50       0    788   3576 
 19:49:51       0    116     45 
 19:49:52       0    174     45 
 19:49:53       0    174     45 
 19:49:55       0    174     51 
 19:49:56       0    174     59 
 19:49:57       0    174     32 
 19:49:58       0    174     59 
 19:49:59       0      7    269 
 19:50:00       0      6    215 
 19:50:01       0     68     37 
 19:50:02       0    173     45 
 19:50:03       0    160    792 
 19:50:04       0   1060   2625 
 19:50:05       0    164     30 
 19:50:06       0    174     45 
 19:50:07       0    116     41 
 19:50:08       0    174     45 
 19:50:09       0      6   3252 
 19:50:10       0   4621     43 
 19:50:11       0    116     45 
 19:50:12       0     99    269 
 19:50:13       0    155   1307 
 19:50:14       0    183    659 
 19:50:16       0    174     45 
#Time         gpu  rxpci  txpci 
#HH:MM:SS     Idx   MB/s   MB/s 
 19:50:17       0    175     45 
 19:50:18       0    159     40 
 19:50:19       0    668     45 
 19:50:20       0    404   3608 
 19:50:21       0    124     45 
 19:50:22       0    147   1581 
 19:50:23       0    174     21 
 19:50:24       0    174     45 
 19:50:25       0    174     45 
 19:50:26       0    174     45 
 19:50:27       0    175     45 
 19:50:28       0    174     51 
 19:50:29       0    174     45 
 19:50:30       0      7    283 
 19:50:31       0      6   3717 
 19:50:32       0      7    269 
 19:50:33       0   4255     34 
 19:50:34       0    160    636 
 19:50:35       0    174     45 
 19:50:36       0    174     45 
 19:50:38       0   1059     39 
 19:50:39       0   4669     28 
 19:50:40       0   4668     32 
 19:50:41       0    174    682 
 19:50:42       0      7    481 
 19:50:43       0    125     30 
 19:50:44       0     90    220 
 19:50:45       0   3636    137 
 19:50:46       0   8717    943 
 19:50:47       0   9720   1058 
 19:50:48       0   3551    461 
 19:50:49       0   1068     36 
 19:50:50       0      7    215 
 19:50:51       0     48    215 
 19:50:52       0   3762    123 
 19:50:53       0   2574    245 
 19:50:54       0    174     45 
 19:50:55       0    174     53 
 19:50:56       0      7    269 
 19:50:57       0    106   1262 
 19:50:59       0    180    874 
 19:51:00       0    174     52 
 19:51:01       0     67     45 
 19:51:02       0    150     38 
#Time         gpu  rxpci  txpci 
#HH:MM:SS     Idx   MB/s   MB/s 
 19:51:03       0    374     33 
 19:51:04       0      0      0 
 19:51:05       0      0      0 
 19:51:06       0      0      0 
