#Time         gpu  rxpci  txpci 
#HH:MM:SS     Idx   MB/s   MB/s 
 19:24:45       0     29     15 
 19:24:46       0      0      0 
 19:24:47       0      0      0 
 19:24:48       0  10966   1199 
 19:24:49       0   1107     84 
 19:24:50       0      0      0 
 19:24:51       0      7    215 
 19:24:52       0    174     44 
 19:24:53       0    150     43 
 19:24:54       0    125   2007 
 19:24:55       0    174     45 
 19:24:56       0    174     45 
 19:24:58       0   2568    722 
 19:24:59       0    232     45 
 19:25:00       0    165     36 
 19:25:01       0     97    269 
 19:25:02       0     95    580 
 19:25:03       0   4605     34 
 19:25:04       0    174     45 
 19:25:05       0      7    268 
 19:25:06       0    125     30 
 19:25:07       0    173     30 
 19:25:08       0    174     45 
 19:25:09       0    174     51 
 19:25:10       0    174     45 
 19:25:11       0    174     59 
 19:25:12       0    174     45 
 19:25:13       0     99    222 
 19:25:14       0    132    220 
 19:25:15       0      7   2876 
 19:25:16       0    116     45 
 19:25:17       0    146     40 
 19:25:18       0      7    269 
 19:25:20       0    204     42 
 19:25:21       0    174     45 
 19:25:22       0    174     30 
 19:25:23       0    199     45 
 19:25:24       0     48    269 
 19:25:25       0    190    876 
 19:25:26       0     67     45 
 19:25:27       0    159    397 
 19:25:28       0   4280     36 
 19:25:29       0    180     41 
 19:25:30       0    174     45 
#Time         gpu  rxpci  txpci 
#HH:MM:SS     Idx   MB/s   MB/s 
 19:25:31       0    175     39 
 19:25:32       0    133     40 
 19:25:33       0    887     45 
 19:25:34       0      7   3717 
 19:25:35       0    183     45 
 19:25:36       0    180    445 
 19:25:37       0    174     37 
 19:25:38       0    175     45 
 19:25:39       0    116     45 
 19:25:41       0    174     45 
 19:25:42       0     68     45 
 19:25:43       0    117     47 
 19:25:44       0    116     45 
 19:25:45       0     52    269 
 19:25:46       0      6    268 
 19:25:47       0    156   1321 
 19:25:48       0    174    875 
 19:25:49       0    122     39 
 19:25:50       0    174     45 
 19:25:51       0     67     45 
 19:25:52       0      6    269 
 19:25:53       0    174     45 
 19:25:54       0    175     45 
 19:25:55       0    174     45 
 19:25:56       0    162     36 
 19:25:57       0    104    215 
 19:25:58       0    154     39 
 19:25:59       0    174     45 
 19:26:00       0   9522   1030 
 19:26:01       0   7454   1087 
 19:26:03       0   8303    950 
 19:26:04       0     92    215 
 19:26:05       0    131     34 
 19:26:06       0    594     40 
 19:26:07       0    174     45 
 19:26:08       0    118     45 
 19:26:09       0    118     38 
 19:26:10       0    188     45 
 19:26:11       0    140     32 
 19:26:12       0    440     34 
 19:26:13       0    174     45 
 19:26:14       0    176     45 
 19:26:15       0     49    269 
 19:26:16       0    125   1357 
#Time         gpu  rxpci  txpci 
#HH:MM:SS     Idx   MB/s   MB/s 
 19:26:17       0    180     38 
 19:26:18       0      0      0 
 19:26:19       0      0      0 
 19:26:20       0      0      0 
