#Time         gpu  rxpci  txpci 
#HH:MM:SS     Idx   MB/s   MB/s 
 19:52:49       0     19     31 
 19:52:50       0      0      0 
 19:52:51       0      0      0 
 19:52:52       0  11147   1172 
 19:52:53       0      0      0 
 19:52:54       0    176     45 
 19:52:55       0    220     43 
 19:52:56       0    165     43 
 19:52:57       0    165     43 
 19:52:58       0    110     43 
 19:52:59       0    187     48 
 19:53:00       0    165     43 
 19:53:01       0    165     43 
 19:53:02       0    137     43 
 19:53:03       0    165     43 
 19:53:04       0    165     43 
 19:53:05       0    165     43 
 19:53:06       0     62     27 
 19:53:07       0    165     43 
 19:53:09       0    165     43 
 19:53:10       0    165     22 
 19:53:11       0    208     40 
 19:53:12       0   8657    951 
 19:53:13       0    165    925 
 19:53:14       0     77     29 
 19:53:15       0      0      0 
 19:53:16       0    167    928 
 19:53:17       0    165     43 
 19:53:18       0    165     43 
 19:53:19       0    165     35 
 19:53:20       0    165     16 
 19:53:21       0    110     36 
 19:53:22       0    165     57 
 19:53:23       0    165     43 
 19:53:24       0    165     49 
 19:53:25       0    136     42 
 19:53:26       0    165     52 
 19:53:27       0    220     29 
 19:53:28       0    179     40 
 19:53:29       0    165     43 
 19:53:31       0    165     43 
 19:53:32       0    220    923 
 19:53:33       0    165     43 
 19:53:34       0    165     43 
#Time         gpu  rxpci  txpci 
#HH:MM:SS     Idx   MB/s   MB/s 
 19:53:35       0    165     43 
 19:53:36       0    165     43 
 19:53:37       0    165     43 
 19:53:38       0     73     38 
 19:53:39       0    152     89 
 19:53:40       0    165     43 
 19:53:41       0    165     43 
 19:53:42       0    220     43 
 19:53:43       0    189     51 
 19:53:44       0    165    923 
 19:53:45       0    123     25 
 19:53:46       0     77     43 
 19:53:47       0   8022    942 
 19:53:48       0   9308    797 
 19:53:49       0    177     45 
 19:53:50       0    165    923 
 19:53:51       0     82     43 
 19:53:53       0    166     28 
 19:53:54       0    165     43 
 19:53:55       0    165     43 
 19:53:56       0    165     48 
 19:53:57       0    165     22 
 19:53:58       0    166    919 
 19:53:59       0      0      0 
 19:54:00       0      0      0 
 19:54:01       0      0      0 
