#Time         gpu  rxpci  txpci 
#HH:MM:SS     Idx   MB/s   MB/s 
 19:42:55       0     18     29 
 19:42:56       0      0      0 
 19:42:57       0      0      0 
 19:42:58       0  11023   1152 
 19:42:59       0      0      0 
 19:43:00       0    174     27 
 19:43:01       0    201     42 
 19:43:02       0    117   1253 
 19:43:04       0    174     45 
 19:43:05       0    165     43 
 19:43:06       0    140    151 
 19:43:07       0    198    927 
 19:43:08       0    101     36 
 19:43:09       0    174     45 
 19:43:10       0   1064     28 
 19:43:11       0    118   1118 
 19:43:12       0    174     45 
 19:43:13       0    174     45 
 19:43:14       0   1664     34 
 19:43:15       0    231     53 
 19:43:16       0    118     45 
 19:43:17       0    376   3610 
 19:43:18       0     67     45 
 19:43:19       0   1060    695 
 19:43:20       0      7   2590 
 19:43:21       0    145    962 
 19:43:22       0    131    215 
 19:43:23       0    174    875 
 19:43:25       0    174     45 
 19:43:26       0   1060   1374 
 19:43:27       0    942     45 
 19:43:28       0      7    913 
 19:43:29       0   8873    953 
 19:43:30       0     48    265 
 19:43:31       0    174    873 
 19:43:32       0    174     45 
 19:43:33       0      7    289 
 19:43:34       0   4646     41 
 19:43:35       0    174     45 
 19:43:36       0    240   3630 
 19:43:37       0    350   3618 
 19:43:38       0      6    215 
 19:43:39       0    175     45 
 19:43:40       0     48    269 
#Time         gpu  rxpci  txpci 
#HH:MM:SS     Idx   MB/s   MB/s 
 19:43:41       0    232     45 
 19:43:42       0    162     39 
 19:43:43       0    205    765 
 19:43:44       0    172    692 
 19:43:45       0    174     45 
 19:43:47       0    173     45 
 19:43:48       0     48    215 
 19:43:49       0    174     45 
 19:43:50       0      6    269 
 19:43:51       0    133     41 
 19:43:52       0   4663     28 
 19:43:53       0    174     59 
 19:43:54       0    232     45 
 19:43:55       0    174     45 
 19:43:56       0    174     45 
 19:43:57       0    149   1375 
 19:43:58       0    120     46 
 19:43:59       0    174     45 
 19:44:00       0    175     45 
 19:44:01       0    128     34 
 19:44:02       0    174    874 
 19:44:03       0    174     45 
 19:44:04       0    174     45 
 19:44:05       0   4246     68 
 19:44:06       0    174     45 
 19:44:07       0      7    268 
 19:44:09       0   1067     30 
 19:44:10       0   2711     34 
 19:44:11       0    185    875 
 19:44:12       0    174     49 
 19:44:13       0    164     42 
 19:44:14       0   8001    924 
 19:44:15       0   7889    977 
 19:44:16       0   7590   1016 
 19:44:17       0    174     45 
 19:44:18       0      7    215 
 19:44:19       0    154   1423 
 19:44:20       0    174     45 
 19:44:21       0    173     45 
 19:44:22       0      7    215 
 19:44:23       0     79    269 
 19:44:24       0    174     32 
 19:44:25       0    152   1257 
 19:44:26       0    174     45 
#Time         gpu  rxpci  txpci 
#HH:MM:SS     Idx   MB/s   MB/s 
 19:44:27       0      7    719 
 19:44:28       0    141   1370 
 19:44:30       0    174     45 
 19:44:31       0     60    269 
 19:44:32       0      0      0 
 19:44:33       0      0      0 
 19:44:34       0      0      0 
