#Time         gpu  rxpci  txpci 
#HH:MM:SS     Idx   MB/s   MB/s 
 19:32:12       0     16     30 
 19:32:14       0      0      0 
 19:32:15       0      0      0 
 19:32:16       0  10973   1200 
 19:32:17       0      0      0 
 19:32:18       0    175     45 
 19:32:19       0    205     42 
 19:32:20       0    144   1227 
 19:32:21       0    174     45 
 19:32:22       0    165     43 
 19:32:23       0    140    145 
 19:32:24       0    174     37 
 19:32:25       0     10   2404 
 19:32:26       0    174     45 
 19:32:27       0    102   3644 
 19:32:28       0    118   1116 
 19:32:29       0    174     45 
 19:32:30       0    120     45 
 19:32:31       0   1927     34 
 19:32:32       0    174     45 
 19:32:33       0    174     45 
 19:32:34       0   1058     39 
 19:32:36       0    174     45 
 19:32:37       0    700     45 
 19:32:38       0    461   3603 
 19:32:39       0    123    215 
 19:32:40       0    103    269 
 19:32:41       0    181    960 
 19:32:42       0    174     45 
 19:32:43       0   1060   1606 
 19:32:44       0   1066     45 
 19:32:45       0      7    407 
 19:32:46       0   8981    969 
 19:32:47       0      6    269 
 19:32:48       0    202   1219 
 19:32:49       0    174     45 
 19:32:50       0      7   2164 
 19:32:51       0   4377     34 
 19:32:52       0    174     45 
 19:32:53       0   1060   1599 
 19:32:54       0   1060   2049 
 19:32:55       0      6    269 
 19:32:57       0    175     45 
 19:32:58       0     48    269 
#Time         gpu  rxpci  txpci 
#HH:MM:SS     Idx   MB/s   MB/s 
 19:32:59       0    174     45 
 19:33:00       0    160     35 
 19:33:01       0    205     45 
 19:33:02       0    159     40 
 19:33:03       0    175     45 
 19:33:04       0    975   3543 
 19:33:05       0    140    192 
 19:33:06       0    173     37 
 19:33:07       0    107    218 
 19:33:08       0    164   1385 
 19:33:09       0    174    872 
 19:33:10       0    232     45 
 19:33:11       0    174     45 
 19:33:12       0    175     45 
 19:33:13       0    174     45 
 19:33:14       0   4654     33 
 19:33:15       0    161   1252 
 19:33:16       0    174     45 
 19:33:17       0    240   3629 
 19:33:19       0    150   1316 
 19:33:20       0    174     45 
 19:33:21       0    116     45 
 19:33:22       0    125     30 
 19:33:23       0    174     39 
 19:33:24       0   1061   2274 
 19:33:25       0    154   1423 
 19:33:26       0      7    268 
 19:33:27       0    198   1169 
 19:33:28       0    174     30 
 19:33:29       0    174     45 
 19:33:30       0    164     42 
 19:33:31       0   8544    894 
 19:33:32       0   7930    985 
 19:33:33       0   7544   3722 
 19:33:34       0    174     52 
 19:33:35       0   1061   3084 
 19:33:36       0     86    215 
 19:33:37       0    174     38 
 19:33:38       0    174     37 
 19:33:39       0      7   2539 
 19:33:41       0      7    269 
 19:33:42       0    131    580 
 19:33:43       0      7    215 
 19:33:44       0    174    879 
#Time         gpu  rxpci  txpci 
#HH:MM:SS     Idx   MB/s   MB/s 
 19:33:45       0   1066     36 
 19:33:46       0      7    269 
 19:33:47       0    174     45 
 19:33:48       0    405   3621 
 19:33:49       0      0      0 
 19:33:50       0      0      0 
 19:33:51       0      0      0 
