#Time         gpu  rxpci  txpci 
#HH:MM:SS     Idx   MB/s   MB/s 
 19:47:53       0     21     30 
 19:47:54       0      0      0 
 19:47:55       0      0      0 
 19:47:56       0  10837   1207 
 19:47:57       0    122    229 
 19:47:58       0      0      0 
 19:47:59       0      6    215 
 19:48:00       0    174     45 
 19:48:01       0    150    449 
 19:48:02       0    106    268 
 19:48:03       0    116     45 
 19:48:04       0    174     39 
 19:48:05       0   7706    109 
 19:48:06       0    174     45 
 19:48:07       0    165     43 
 19:48:09       0      6    215 
 19:48:10       0   3986     38 
 19:48:11       0    133     45 
 19:48:12       0    174     45 
 19:48:13       0    257   3624 
 19:48:14       0    116     45 
 19:48:15       0    174     37 
 19:48:16       0    174     45 
 19:48:17       0    174     45 
 19:48:18       0    174     45 
 19:48:19       0    174     45 
 19:48:20       0    174     45 
 19:48:21       0     90    224 
 19:48:22       0    136    268 
 19:48:23       0      6   3247 
 19:48:24       0    116     45 
 19:48:25       0    117     40 
 19:48:26       0      6    269 
 19:48:27       0    163     42 
 19:48:28       0    160     44 
 19:48:29       0    174     45 
 19:48:31       0     67     45 
 19:48:32       0      6    252 
 19:48:33       0    181   1347 
 19:48:34       0    174     45 
 19:48:35       0    110   1262 
 19:48:36       0    149   1269 
 19:48:37       0    180    449 
 19:48:38       0    174     60 
#Time         gpu  rxpci  txpci 
#HH:MM:SS     Idx   MB/s   MB/s 
 19:48:39       0    230     44 
 19:48:40       0    159     34 
 19:48:41       0    174     45 
 19:48:42       0    175     45 
 19:48:43       0    174     44 
 19:48:44       0      7    269 
 19:48:45       0   4661     33 
 19:48:46       0    174     45 
 19:48:47       0    174     45 
 19:48:48       0    174     45 
 19:48:49       0    177     45 
 19:48:50       0    174     45 
 19:48:51       0    174     45 
 19:48:53       0   1066     45 
 19:48:54       0    116     45 
 19:48:55       0    877   3569 
 19:48:56       0    129    220 
 19:48:57       0   1185     33 
 19:48:58       0    174     45 
 19:48:59       0    174     45 
 19:49:00       0    124     53 
 19:49:01       0    160   1307 
 19:49:02       0    157     36 
 19:49:03       0   2600     40 
 19:49:04       0    116     45 
 19:49:05       0    174     34 
 19:49:06       0      7    335 
 19:49:07       0    162     47 
 19:49:08       0   8813    891 
 19:49:09       0   9766   1056 
 19:49:10       0   4124    909 
 19:49:11       0    232     45 
 19:49:12       0     68     45 
 19:49:14       0   1059    386 
 19:49:15       0     73    269 
 19:49:16       0    140   1266 
 19:49:17       0    174     45 
 19:49:18       0    121    890 
 19:49:19       0      7   2690 
 19:49:20       0     74    268 
 19:49:21       0    164    568 
 19:49:22       0    174     53 
 19:49:23       0    118     45 
 19:49:24       0    150     38 
#Time         gpu  rxpci  txpci 
#HH:MM:SS     Idx   MB/s   MB/s 
 19:49:25       0    138    185 
 19:49:26       0      0      0 
 19:49:27       0      0      0 
 19:49:28       0      0      0 
