#Time         gpu  rxpci  txpci 
#HH:MM:SS     Idx   MB/s   MB/s 
 19:28:03       0     22     30 
 19:28:04       0      0      0 
 19:28:05       0      0      0 
 19:28:06       0  11091   1170 
 19:28:07       0      0      0 
 19:28:08       0    176     45 
 19:28:09       0    165     43 
 19:28:10       0    165     43 
 19:28:11       0    165     43 
 19:28:12       0    165     43 
 19:28:14       0    187     48 
 19:28:15       0    165     43 
 19:28:16       0    165     43 
 19:28:17       0    167    932 
 19:28:18       0    165     43 
 19:28:19       0    165     43 
 19:28:20       0    165     43 
 19:28:21       0    165     49 
 19:28:22       0     79     43 
 19:28:23       0    165     43 
 19:28:24       0    165     43 
 19:28:25       0     84     40 
 19:28:26       0   8830    967 
 19:28:27       0    165     43 
 19:28:28       0    165     35 
 19:28:29       0    165     22 
 19:28:30       0    165     43 
 19:28:31       0    114     27 
 19:28:32       0    165     43 
 19:28:33       0    165     43 
 19:28:35       0    112    928 
 19:28:36       0    165     43 
 19:28:37       0    165     43 
 19:28:38       0    165     43 
 19:28:39       0    165     57 
 19:28:40       0    153     37 
 19:28:41       0    220     43 
 19:28:42       0    190     29 
 19:28:43       0    177     53 
 19:28:44       0    165     43 
 19:28:45       0    165     43 
 19:28:46       0    165     22 
 19:28:47       0    165     43 
 19:28:48       0    165     49 
#Time         gpu  rxpci  txpci 
#HH:MM:SS     Idx   MB/s   MB/s 
 19:28:49       0    165     49 
 19:28:50       0    220     51 
 19:28:51       0    165     43 
 19:28:52       0     72     40 
 19:28:53       0    169     90 
 19:28:54       0    165     43 
 19:28:55       0    165     57 
 19:28:57       0    165     49 
 19:28:58       0    165     49 
 19:28:59       0    165     43 
 19:29:00       0    165     43 
 19:29:01       0    165     21 
 19:29:02       0   8655    856 
 19:29:03       0   9067    875 
 19:29:04       0    177     45 
 19:29:05       0    165     43 
 19:29:06       0    165     35 
 19:29:07       0    165    917 
 19:29:08       0    126     32 
 19:29:09       0    165     43 
 19:29:10       0    165     43 
 19:29:11       0    220     43 
 19:29:12       0    165     43 
 19:29:13       0      0      0 
 19:29:14       0      0      0 
 19:29:15       0      0      0 
