#Time         gpu  rxpci  txpci 
#HH:MM:SS     Idx   MB/s   MB/s 
 19:40:25       0     19     30 
 19:40:26       0      0      0 
 19:40:27       0      0      0 
 19:40:28       0  11145   1188 
 19:40:29       0      0      0 
 19:40:30       0    178     45 
 19:40:32       0    165     43 
 19:40:33       0    165     43 
 19:40:34       0    165     43 
 19:40:35       0    165     28 
 19:40:36       0    186     48 
 19:40:37       0    165     43 
 19:40:38       0    165     49 
 19:40:39       0    176     34 
 19:40:40       0    110     43 
 19:40:41       0    165     35 
 19:40:42       0    165     43 
 19:40:43       0    165     57 
 19:40:44       0    112    928 
 19:40:45       0    165     43 
 19:40:46       0    165     43 
 19:40:47       0    165    923 
 19:40:48       0   8673    945 
 19:40:49       0    165     43 
 19:40:50       0    165     43 
 19:40:51       0    165     43 
 19:40:52       0    165     57 
 19:40:54       0    165    923 
 19:40:55       0    165     43 
 19:40:56       0    220     43 
 19:40:57       0    165     22 
 19:40:58       0    110     43 
 19:40:59       0    165     43 
 19:41:00       0    165     43 
 19:41:01       0    165     57 
 19:41:02       0    152     37 
 19:41:03       0    165     57 
 19:41:04       0    220    115 
 19:41:05       0    176     34 
 19:41:06       0    165     43 
 19:41:07       0    165     43 
 19:41:08       0    165     57 
 19:41:09       0     78     43 
 19:41:10       0    165     57 
#Time         gpu  rxpci  txpci 
#HH:MM:SS     Idx   MB/s   MB/s 
 19:41:11       0     72     38 
 19:41:12       0    110     49 
 19:41:13       0    165     43 
 19:41:15       0    154    896 
 19:41:16       0     90     41 
 19:41:17       0    165     43 
 19:41:18       0    165     43 
 19:41:19       0    165     43 
 19:41:20       0    165     43 
 19:41:21       0    197     43 
 19:41:22       0    165     43 
 19:41:23       0    165     43 
 19:41:24       0   8180    948 
 19:41:25       0   8659   1011 
 19:41:26       0    178     45 
 19:41:27       0    165     49 
 19:41:28       0    165     35 
 19:41:29       0    165     22 
 19:41:30       0    126     30 
 19:41:31       0    165     43 
 19:41:32       0    165     43 
 19:41:33       0    220     51 
 19:41:34       0    165     43 
 19:41:35       0      0      0 
 19:41:37       0      0      0 
 19:41:38       0      0      0 
