#Time         gpu  rxpci  txpci 
#HH:MM:SS     Idx   MB/s   MB/s 
 19:55:17       0     21     31 
 19:55:19       0      0      0 
 19:55:20       0      0      0 
 19:55:21       0  11175   1170 
 19:55:22       0      0      0 
 19:55:23       0    174     45 
 19:55:24       0    164     52 
 19:55:25       0    152   1639 
 19:55:26       0    174     45 
 19:55:27       0    165     43 
 19:55:28       0   1586     32 
 19:55:29       0    174    877 
 19:55:30       0     52     36 
 19:55:31       0    174     45 
 19:55:32       0     62     43 
 19:55:33       0   4550     39 
 19:55:34       0    130     52 
 19:55:35       0    174     45 
 19:55:36       0    137     34 
 19:55:37       0    161   1183 
 19:55:38       0    231     45 
 19:55:40       0    174     49 
 19:55:41       0    232     45 
 19:55:42       0    174     45 
 19:55:43       0    175     45 
 19:55:44       0      6   3717 
 19:55:45       0   1060   1346 
 19:55:46       0    153    194 
 19:55:47       0    174     59 
 19:55:48       0    232     30 
 19:55:49       0    174     45 
 19:55:50       0    143     37 
 19:55:51       0   8367    915 
 19:55:52       0    449     38 
 19:55:53       0    140    286 
 19:55:54       0    174     45 
 19:55:55       0    116     45 
 19:55:56       0    177     45 
 19:55:57       0    174    873 
 19:55:58       0    174     45 
 19:55:59       0    174     45 
 19:56:00       0    116     45 
 19:56:02       0    232     44 
 19:56:03       0     68     30 
#Time         gpu  rxpci  txpci 
#HH:MM:SS     Idx   MB/s   MB/s 
 19:56:04       0   4663     34 
 19:56:05       0      6    215 
 19:56:06       0    146     40 
 19:56:07       0    155     38 
 19:56:08       0    174     39 
 19:56:09       0    174     59 
 19:56:10       0    116     45 
 19:56:11       0   4418     46 
 19:56:12       0    174     45 
 19:56:13       0      7    267 
 19:56:14       0      7    314 
 19:56:15       0    140    138 
 19:56:16       0    140     37 
 19:56:17       0    174    875 
 19:56:18       0    174    874 
 19:56:19       0    929     45 
 19:56:20       0    114   1256 
 19:56:21       0    164     42 
 19:56:22       0    174     45 
 19:56:24       0      0      0 
 19:56:25       0    140   1270 
 19:56:26       0    174     44 
 19:56:27       0    174     51 
 19:56:28       0    151   1307 
 19:56:29       0    174     45 
 19:56:30       0    174     30 
 19:56:31       0    174     45 
 19:56:32       0      7    269 
 19:56:33       0      7   2803 
 19:56:34       0    722     34 
 19:56:35       0   2898    211 
 19:56:36       0   8478    920 
 19:56:37       0   8521    789 
 19:56:38       0    138   1228 
 19:56:39       0   2943    210 
 19:56:40       0    174     45 
 19:56:41       0    118     45 
 19:56:42       0    108    215 
 19:56:43       0   2918     36 
 19:56:45       0    174     45 
 19:56:46       0    174     45 
 19:56:47       0    308    541 
 19:56:48       0    174     45 
 19:56:49       0    172     38 
#Time         gpu  rxpci  txpci 
#HH:MM:SS     Idx   MB/s   MB/s 
 19:56:50       0    174     45 
 19:56:51       0    174     45 
 19:56:52       0    170     43 
 19:56:53       0    177     45 
 19:56:54       0      0      0 
 19:56:55       0      0      0 
 19:56:56       0      0      0 
