#Time         gpu  rxpci  txpci 
#HH:MM:SS     Idx   MB/s   MB/s 
 19:30:32       0     19     31 
 19:30:33       0      0      0 
 19:30:34       0      0      0 
 19:30:35       0  11037   1190 
 19:30:36       0      0      0 
 19:30:37       0    175     45 
 19:30:38       0    164     42 
 19:30:39       0    158   1691 
 19:30:40       0    171     44 
 19:30:41       0    165     43 
 19:30:42       0   4608     28 
 19:30:43       0    174     39 
 19:30:44       0      1   1106 
 19:30:45       0    174     53 
 19:30:47       0   1065     28 
 19:30:48       0   4115     86 
 19:30:49       0    174     45 
 19:30:50       0    174     45 
 19:30:51       0    137     34 
 19:30:52       0    229    874 
 19:30:53       0    174     51 
 19:30:54       0    175     45 
 19:30:55       0    200     45 
 19:30:56       0    116     55 
 19:30:57       0    116     45 
 19:30:58       0     48    269 
 19:30:59       0      6    215 
 19:31:00       0    488    522 
 19:31:01       0    174     45 
 19:31:02       0    174     36 
 19:31:03       0    173     52 
 19:31:04       0   1065     37 
 19:31:05       0   8494    937 
 19:31:06       0      7   3762 
 19:31:08       0   2799     34 
 19:31:09       0    174     45 
 19:31:10       0    125     45 
 19:31:11       0    177     45 
 19:31:12       0    174     59 
 19:31:13       0    116     45 
 19:31:14       0    174     45 
 19:31:15       0   1062   3469 
 19:31:16       0    174     45 
 19:31:17       0      6   3661 
#Time         gpu  rxpci  txpci 
#HH:MM:SS     Idx   MB/s   MB/s 
 19:31:18       0    158   1329 
 19:31:19       0     99    269 
 19:31:20       0   3794     36 
 19:31:21       0    156     39 
 19:31:22       0    174     45 
 19:31:23       0    174     45 
 19:31:24       0   1059     39 
 19:31:25       0    158   1277 
 19:31:26       0    175     45 
 19:31:27       0     20    269 
 19:31:28       0      6    269 
 19:31:30       0   4671     33 
 19:31:31       0   4661     34 
 19:31:32       0    174     45 
 19:31:33       0    174     45 
 19:31:34       0      7   3717 
 19:31:35       0    185   1094 
 19:31:36       0    130     31 
 19:31:37       0    174     45 
 19:31:38       0      0      0 
 19:31:39       0    147   1270 
 19:31:40       0    174     45 
 19:31:41       0    174     45 
 19:31:42       0    172   1375 
 19:31:43       0    174     45 
 19:31:44       0     67     45 
 19:31:45       0    174     45 
 19:31:46       0     36    269 
 19:31:47       0      7    269 
 19:31:48       0   4635     34 
 19:31:49       0    139   1166 
 19:31:50       0   8258    909 
 19:31:52       0   6165    991 
 19:31:53       0    162     82 
 19:31:54       0    127    582 
 19:31:55       0    174     51 
 19:31:56       0    118     45 
 19:31:57       0    127    223 
 19:31:58       0   4659     37 
 19:31:59       0    176     45 
 19:32:00       0    176     45 
 19:32:01       0    186     40 
 19:32:02       0     67     45 
 19:32:03       0    170     43 
#Time         gpu  rxpci  txpci 
#HH:MM:SS     Idx   MB/s   MB/s 
 19:32:04       0    174     45 
 19:32:05       0     67     45 
 19:32:06       0   1639     43 
 19:32:07       0    177     45 
 19:32:08       0      0      0 
 19:32:09       0      0      0 
 19:32:10       0      0      0 
