#Time         gpu  rxpci  txpci 
#HH:MM:SS     Idx   MB/s   MB/s 
 19:44:36       0     18     30 
 19:44:37       0      0      0 
 19:44:38       0      0      0 
 19:44:39       0  11126   1172 
 19:44:40       0      0      0 
 19:44:41       0    174     79 
 19:44:42       0    164     42 
 19:44:43       0    116   1253 
 19:44:44       0    174     44 
 19:44:45       0    165     43 
 19:44:46       0   1035     32 
 19:44:47       0    116     34 
 19:44:48       0     20     40 
 19:44:49       0    174     45 
 19:44:50       0    117     28 
 19:44:51       0   3824     41 
 19:44:53       0    173     44 
 19:44:54       0    174     45 
 19:44:55       0    140     33 
 19:44:56       0    161   1178 
 19:44:57       0    174     59 
 19:44:58       0    116     59 
 19:44:59       0    174     59 
 19:45:00       0    174     45 
 19:45:01       0    174     45 
 19:45:02       0      7    295 
 19:45:03       0      7   2714 
 19:45:04       0   1714     37 
 19:45:05       0    174     45 
 19:45:06       0    174     45 
 19:45:07       0    174     45 
 19:45:08       0    103     49 
 19:45:09       0   8349    980 
 19:45:10       0   1060   1123 
 19:45:11       0    140     37 
 19:45:12       0    174     45 
 19:45:14       0      7   3717 
 19:45:15       0    863     45 
 19:45:16       0    174     58 
 19:45:17       0   1059    710 
 19:45:18       0   1061   2162 
 19:45:19       0      6    269 
 19:45:20       0    175     44 
 19:45:21       0     41    269 
#Time         gpu  rxpci  txpci 
#HH:MM:SS     Idx   MB/s   MB/s 
 19:45:22       0    174     44 
 19:45:23       0    162    346 
 19:45:24       0    160    800 
 19:45:25       0    166    833 
 19:45:26       0    174     45 
 19:45:27       0    172     52 
 19:45:28       0      6    215 
 19:45:29       0    174     45 
 19:45:30       0      6   3717 
 19:45:31       0    163     39 
 19:45:32       0    137    137 
 19:45:33       0    174     53 
 19:45:34       0    174     51 
 19:45:36       0    174     52 
 19:45:37       0    174     45 
 19:45:38       0     98    269 
 19:45:39       0    180     38 
 19:45:40       0    174    455 
 19:45:41       0    174     45 
 19:45:42       0    153     32 
 19:45:43       0    207   1273 
 19:45:44       0    174     45 
 19:45:45       0    174     45 
 19:45:46       0   4490     40 
 19:45:47       0    116     45 
 19:45:48       0      7    268 
 19:45:49       0   1066     36 
 19:45:50       0   2208     33 
 19:45:51       0    118   2010 
 19:45:52       0    174     39 
 19:45:53       0    202     42 
 19:45:54       0   7804    973 
 19:45:55       0   7006    994 
 19:45:56       0     26     35 
 19:45:58       0    174     44 
 19:45:59       0    175     45 
 19:46:00       0     49   2673 
 19:46:01       0   3666    134 
 19:46:02       0    174     39 
 19:46:03       0    176     45 
 19:46:04       0     68     45 
 19:46:05       0    185     40 
 19:46:06       0   1058     39 
 19:46:07       0    170     39 
#Time         gpu  rxpci  txpci 
#HH:MM:SS     Idx   MB/s   MB/s 
 19:46:08       0    174     36 
 19:46:09       0    722     45 
 19:46:10       0   4607     43 
 19:46:11       0    178     45 
 19:46:12       0      0      0 
 19:46:13       0      0      0 
 19:46:14       0      0      0 
