#Time         gpu  rxpci  txpci 
#HH:MM:SS     Idx   MB/s   MB/s 
 19:41:40       0     22     29 
 19:41:41       0      0      0 
 19:41:42       0      0      0 
 19:41:43       0  11007   1165 
 19:41:44       0      0      0 
 19:41:45       0    178     45 
 19:41:46       0    165     43 
 19:41:47       0    165     43 
 19:41:48       0    165     43 
 19:41:49       0    165     43 
 19:41:50       0     94     48 
 19:41:51       0    132     48 
 19:41:52       0    165     43 
 19:41:53       0    188    931 
 19:41:54       0    165     43 
 19:41:55       0    165     43 
 19:41:56       0    165     43 
 19:41:58       0    220     51 
 19:41:59       0     70     39 
 19:42:00       0    165     43 
 19:42:01       0    165     57 
 19:42:02       0     73     36 
 19:42:03       0   8839    949 
 19:42:04       0    165     43 
 19:42:05       0    110     35 
 19:42:06       0    165    923 
 19:42:07       0    165     43 
 19:42:08       0     78     43 
 19:42:09       0    165     43 
 19:42:10       0    220     43 
 19:42:11       0    165     22 
 19:42:12       0    110     43 
 19:42:13       0    165     43 
 19:42:14       0    165     43 
 19:42:15       0    165     57 
 19:42:16       0    107     40 
 19:42:17       0    165     43 
 19:42:18       0    165     43 
 19:42:20       0    176     53 
 19:42:21       0    110     43 
 19:42:22       0    165     43 
 19:42:23       0    165     43 
 19:42:24       0    165     43 
 19:42:25       0    165     43 
#Time         gpu  rxpci  txpci 
#HH:MM:SS     Idx   MB/s   MB/s 
 19:42:26       0    118     57 
 19:42:27       0    165     43 
 19:42:28       0    165     43 
 19:42:29       0   3744    471 
 19:42:30       0    169     37 
 19:42:31       0    165     43 
 19:42:32       0    220     43 
 19:42:33       0    165     43 
 19:42:34       0    165     43 
 19:42:35       0    165     43 
 19:42:36       0    165     43 
 19:42:37       0    165     21 
 19:42:38       0   7421    917 
 19:42:39       0   7785    651 
 19:42:40       0      0    203 
 19:42:42       0    165     43 
 19:42:43       0    157    935 
 19:42:44       0    114     27 
 19:42:45       0     81     43 
 19:42:46       0    165     43 
 19:42:47       0    165     43 
 19:42:48       0    165     43 
 19:42:49       0    165     43 
 19:42:50       0      0      0 
 19:42:51       0      0      0 
 19:42:52       0      0      0 
 19:42:53       0      0      0 
