#Time         gpu  rxpci  txpci 
#HH:MM:SS     Idx   MB/s   MB/s 
 19:37:07       0     14     30 
 19:37:08       0      0      0 
 19:37:09       0      0      1 
 19:37:10       0  10895   1165 
 19:37:11       0     70     31 
 19:37:12       0      0      0 
 19:37:13       0      6    268 
 19:37:15       0    174     44 
 19:37:16       0    170     35 
 19:37:17       0    101   1200 
 19:37:18       0    174     45 
 19:37:19       0    174     45 
 19:37:20       0   6949    987 
 19:37:21       0    193     45 
 19:37:22       0    110     43 
 19:37:23       0      7    269 
 19:37:24       0   1931     40 
 19:37:25       0    133     45 
 19:37:26       0    174     45 
 19:37:27       0   1060    826 
 19:37:28       0    174     45 
 19:37:29       0    174     44 
 19:37:30       0    176     45 
 19:37:31       0    174     42 
 19:37:32       0    232     45 
 19:37:33       0    202   1124 
 19:37:34       0    174     51 
 19:37:35       0      6    215 
 19:37:37       0      7    269 
 19:37:38       0     67     45 
 19:37:39       0    174     45 
 19:37:40       0    160    790 
 19:37:41       0   1061   3543 
 19:37:42       0    164     32 
 19:37:43       0    174     45 
 19:37:44       0    171     30 
 19:37:45       0    174     45 
 19:37:46       0      7    269 
 19:37:47       0   3809    119 
 19:37:48       0    174     45 
 19:37:49       0     99    268 
 19:37:50       0    151   1182 
 19:37:51       0    154   1584 
 19:37:52       0    174     45 
#Time         gpu  rxpci  txpci 
#HH:MM:SS     Idx   MB/s   MB/s 
 19:37:53       0    174     42 
 19:37:54       0    159     28 
 19:37:55       0    116     38 
 19:37:56       0    116     38 
 19:37:58       0    232     45 
 19:37:59       0      6    215 
 19:38:00       0   3826    114 
 19:38:01       0    174     59 
 19:38:02       0    174     45 
 19:38:03       0    174     45 
 19:38:04       0    174     45 
 19:38:05       0    174     30 
 19:38:06       0    174     45 
 19:38:07       0      7   1900 
 19:38:08       0   1062   3452 
 19:38:09       0      7    269 
 19:38:10       0    334     32 
 19:38:11       0    146    845 
 19:38:12       0    174     44 
 19:38:13       0    174     45 
 19:38:14       0   1061   1712 
 19:38:15       0    101    581 
 19:38:16       0    791    487 
 19:38:17       0    174     42 
 19:38:18       0      6    215 
 19:38:20       0   1067     30 
 19:38:21       0    118   1211 
 19:38:22       0    127    823 
 19:38:23       0   9587    958 
 19:38:24       0   8454   1065 
 19:38:25       0   3362    464 
 19:38:26       0     26   3656 
 19:38:27       0     95    215 
 19:38:28       0    131    957 
 19:38:29       0    165   1326 
 19:38:30       0    198   1043 
 19:38:31       0    174     45 
 19:38:32       0    174     45 
 19:38:33       0     81    269 
 19:38:34       0    159    394 
 19:38:35       0    232     45 
 19:38:36       0    174     45 
 19:38:37       0      7   3762 
 19:38:38       0    882     38 
#Time         gpu  rxpci  txpci 
#HH:MM:SS     Idx   MB/s   MB/s 
 19:38:39       0     95   2274 
 19:38:40       0      0      0 
 19:38:42       0      0      0 
 19:38:43       0      0      0 
