#Time         gpu  rxpci  txpci 
#HH:MM:SS     Idx   MB/s   MB/s 
 19:54:03       0     17     30 
 19:54:04       0      0      0 
 19:54:05       0      0      0 
 19:54:06       0  11123   1199 
 19:54:07       0      0      0 
 19:54:08       0    147     53 
 19:54:09       0    220     43 
 19:54:10       0    165     43 
 19:54:11       0    165     36 
 19:54:12       0    165     43 
 19:54:14       0    186     48 
 19:54:15       0    117     57 
 19:54:16       0    165     43 
 19:54:17       0    214    935 
 19:54:18       0    165     42 
 19:54:19       0    165     43 
 19:54:20       0    165     43 
 19:54:21       0    165     43 
 19:54:22       0    220     21 
 19:54:23       0    165     43 
 19:54:24       0    165     43 
 19:54:25       0    165     22 
 19:54:26       0   8806    954 
 19:54:27       0    165     43 
 19:54:28       0    165     43 
 19:54:29       0    165     43 
 19:54:30       0    220     43 
 19:54:31       0    165    923 
 19:54:32       0    165     43 
 19:54:33       0    165     43 
 19:54:34       0    220    325 
 19:54:36       0    165     43 
 19:54:37       0    165     43 
 19:54:38       0    165     49 
 19:54:39       0    165     43 
 19:54:40       0    154     37 
 19:54:41       0    220     43 
 19:54:42       0    220    252 
 19:54:43       0    176     34 
 19:54:44       0    165     43 
 19:54:45       0    165     43 
 19:54:46       0    165     22 
 19:54:47       0    165     43 
 19:54:48       0    165     43 
#Time         gpu  rxpci  txpci 
#HH:MM:SS     Idx   MB/s   MB/s 
 19:54:49       0    165     43 
 19:54:50       0    165     43 
 19:54:51       0    165     43 
 19:54:52       0   1459    731 
 19:54:53       0    169     37 
 19:54:54       0    165     43 
 19:54:55       0    165     57 
 19:54:57       0    165     43 
 19:54:58       0    165     43 
 19:54:59       0    165     43 
 19:55:00       0    165     43 
 19:55:01       0    165     22 
 19:55:02       0   8439    915 
 19:55:03       0   8481    842 
 19:55:04       0    178     45 
 19:55:05       0    165     51 
 19:55:06       0    165     43 
 19:55:07       0    165    923 
 19:55:08       0    128     39 
 19:55:09       0    165     57 
 19:55:10       0    165     43 
 19:55:11       0    165     43 
 19:55:12       0    165     43 
 19:55:13       0      0      0 
 19:55:14       0      0      0 
 19:55:15       0      0      0 
