#Time         gpu  rxpci  txpci 
#HH:MM:SS     Idx   MB/s   MB/s 
 19:35:30       0     17     30 
 19:35:31       0      0      0 
 19:35:32       0      0      0 
 19:35:33       0  11099   1161 
 19:35:34       0     68     31 
 19:35:35       0      0      0 
 19:35:36       0     36    215 
 19:35:37       0    174     45 
 19:35:38       0    180     30 
 19:35:39       0     85   1033 
 19:35:40       0    174     45 
 19:35:41       0    174     44 
 19:35:42       0   7262    461 
 19:35:43       0    174     45 
 19:35:44       0    165     29 
 19:35:45       0      6    269 
 19:35:46       0   4651     40 
 19:35:47       0    133     45 
 19:35:48       0    174     44 
 19:35:49       0      6   3717 
 19:35:51       0    117     45 
 19:35:52       0    174     45 
 19:35:53       0    174     45 
 19:35:54       0    232     45 
 19:35:55       0    174     45 
 19:35:56       0    232     45 
 19:35:57       0    174     45 
 19:35:58       0     82    245 
 19:35:59       0     40    269 
 19:36:00       0   1061   1284 
 19:36:01       0    174     45 
 19:36:02       0    162    241 
 19:36:03       0      7    269 
 19:36:04       0    164     41 
 19:36:05       0    174     45 
 19:36:06       0    117     45 
 19:36:07       0    961     45 
 19:36:08       0     97    215 
 19:36:09       0    174    614 
 19:36:10       0   1067     45 
 19:36:12       0    159     37 
 19:36:13       0   4393     49 
 19:36:14       0    150     46 
 19:36:15       0    174     45 
#Time         gpu  rxpci  txpci 
#HH:MM:SS     Idx   MB/s   MB/s 
 19:36:16       0    174     45 
 19:36:17       0   1072     40 
 19:36:18       0   1061   3062 
 19:36:19       0      7    329 
 19:36:20       0   1060     39 
 19:36:21       0    180     32 
 19:36:22       0    174     45 
 19:36:23       0    125     45 
 19:36:24       0    116     45 
 19:36:25       0    174     45 
 19:36:26       0    503     38 
 19:36:27       0    120     45 
 19:36:28       0    174     37 
 19:36:29       0     69    215 
 19:36:30       0      6    215 
 19:36:31       0    149   1271 
 19:36:32       0    174     32 
 19:36:34       0   1063     34 
 19:36:35       0    174     36 
 19:36:36       0   1060   1150 
 19:36:37       0     97    269 
 19:36:38       0    174     45 
 19:36:39       0    174     44 
 19:36:40       0    174     45 
 19:36:41       0    162    348 
 19:36:42       0     48    215 
 19:36:43       0    205     39 
 19:36:44       0    133     45 
 19:36:45       0   7618   1019 
 19:36:46       0   9847    822 
 19:36:47       0   9446    917 
 19:36:48       0    134   1260 
 19:36:49       0   4661     30 
 19:36:50       0   3449    152 
 19:36:51       0    174     45 
 19:36:52       0    174     45 
 19:36:53       0   1067     45 
 19:36:55       0    118     45 
 19:36:56       0    591     34 
 19:36:57       0   4647     34 
 19:36:58       0    174     45 
 19:36:59       0     68     37 
 19:37:00       0    117    216 
 19:37:01       0    116    876 
#Time         gpu  rxpci  txpci 
#HH:MM:SS     Idx   MB/s   MB/s 
 19:37:02       0    180     38 
 19:37:03       0      0      0 
 19:37:04       0      0      0 
 19:37:05       0      0      0 
