#Time         gpu  rxpci  txpci 
#HH:MM:SS     Idx   MB/s   MB/s 
 19:29:17       0     19     30 
 19:29:19       0      0      0 
 19:29:20       0      0      0 
 19:29:21       0  11149   1172 
 19:29:22       0      0      0 
 19:29:23       0    176     45 
 19:29:24       0    165     43 
 19:29:25       0    165     43 
 19:29:26       0    165     43 
 19:29:27       0    165     28 
 19:29:28       0    187     48 
 19:29:29       0    165     43 
 19:29:30       0    165     43 
 19:29:31       0    185    943 
 19:29:32       0    165     43 
 19:29:33       0    165     29 
 19:29:34       0    165     43 
 19:29:35       0    165     43 
 19:29:36       0     79     35 
 19:29:37       0    165     43 
 19:29:38       0    165     57 
 19:29:39       0     83     40 
 19:29:41       0   8730    973 
 19:29:42       0    165     43 
 19:29:43       0    165     28 
 19:29:44       0    165     22 
 19:29:45       0    165     43 
 19:29:46       0     71     38 
 19:29:47       0    165     43 
 19:29:48       0    165     43 
 19:29:49       0    123     25 
 19:29:50       0    165     43 
 19:29:51       0    220     43 
 19:29:52       0    165     43 
 19:29:53       0    165     43 
 19:29:54       0    154     37 
 19:29:55       0    165     51 
 19:29:56       0    167    928 
 19:29:57       0    176     45 
 19:29:58       0    165     35 
 19:29:59       0    165     43 
 19:30:00       0    220     35 
 19:30:01       0    165     36 
 19:30:03       0    165     43 
#Time         gpu  rxpci  txpci 
#HH:MM:SS     Idx   MB/s   MB/s 
 19:30:04       0    165     51 
 19:30:05       0    165     49 
 19:30:06       0    165     57 
 19:30:07       0     72     38 
 19:30:08       0    170     86 
 19:30:09       0    165     45 
 19:30:10       0    165     57 
 19:30:11       0    165     48 
 19:30:12       0    165     43 
 19:30:13       0    165     43 
 19:30:14       0    165    924 
 19:30:15       0     59    928 
 19:30:16       0   7619    892 
 19:30:17       0   6966    944 
 19:30:18       0    176     45 
 19:30:19       0    165     21 
 19:30:20       0     61    570 
 19:30:21       0     80     35 
 19:30:22       0    166     43 
 19:30:23       0    165     43 
 19:30:25       0    165     43 
 19:30:26       0    165     57 
 19:30:27       0    165     22 
 19:30:28       0      0      0 
 19:30:29       0      0      0 
 19:30:30       0      0      0 
