#Time         gpu  rxpci  txpci 
#HH:MM:SS     Idx   MB/s   MB/s 
 19:56:58       0     21     30 
 19:56:59       0      0      0 
 19:57:00       0      0      0 
 19:57:01       0  11109   1177 
 19:57:02       0      0      0 
 19:57:03       0    174     30 
 19:57:04       0    164     42 
 19:57:05       0     94    279 
 19:57:07       0    174     45 
 19:57:08       0    165     43 
 19:57:09       0    140    259 
 19:57:10       0    154   1533 
 19:57:11       0    146     36 
 19:57:12       0    174     41 
 19:57:13       0    110     43 
 19:57:14       0    153     41 
 19:57:15       0    174     45 
 19:57:16       0    116     45 
 19:57:17       0    138    293 
 19:57:18       0    136    576 
 19:57:19       0    174     45 
 19:57:20       0    174     45 
 19:57:21       0    174     60 
 19:57:22       0    174     45 
 19:57:23       0    125     37 
 19:57:24       0      6    215 
 19:57:25       0      6    215 
 19:57:26       0   2726    228 
 19:57:27       0    174     45 
 19:57:29       0    174     45 
 19:57:30       0    175     45 
 19:57:31       0   1065     37 
 19:57:32       0   8558    920 
 19:57:33       0      6   3663 
 19:57:34       0    818     34 
 19:57:35       0    116     41 
 19:57:36       0    125     30 
 19:57:37       0    177     45 
 19:57:38       0    174     45 
 19:57:39       0    116     45 
 19:57:40       0    174     45 
 19:57:41       0      6   3717 
 19:57:42       0    174     45 
 19:57:43       0      7    955 
#Time         gpu  rxpci  txpci 
#HH:MM:SS     Idx   MB/s   MB/s 
 19:57:44       0    174     34 
 19:57:45       0    142   1254 
 19:57:46       0    607    507 
 19:57:47       0   3014    202 
 19:57:48       0    174     45 
 19:57:50       0    175     45 
 19:57:51       0      7    269 
 19:57:52       0    174     45 
 19:57:53       0      7   3717 
 19:57:54       0    132     37 
 19:57:55       0   1294     36 
 19:57:56       0    232     44 
 19:57:57       0    232     45 
 19:57:58       0    174     47 
 19:57:59       0    174     45 
 19:58:00       0    146   1257 
 19:58:01       0    150     46 
 19:58:02       0    174     43 
 19:58:03       0    174     45 
 19:58:04       0    105     36 
 19:58:05       0    174    878 
 19:58:06       0    174     51 
 19:58:07       0    174     45 
 19:58:08       0   3504    146 
 19:58:09       0    174     45 
 19:58:10       0      6    269 
 19:58:12       0   1060    812 
 19:58:13       0   4664     33 
 19:58:14       0    149   1024 
 19:58:15       0    174     45 
 19:58:16       0    164     42 
 19:58:17       0   9150    825 
 19:58:18       0   7821    870 
 19:58:19       0     39   1156 
 19:58:20       0    174     45 
 19:58:21       0    723     45 
 19:58:22       0      7    268 
 19:58:23       0    174     34 
 19:58:24       0    116     45 
 19:58:25       0      7    269 
 19:58:26       0     48    216 
 19:58:27       0    175    490 
 19:58:28       0    127    241 
 19:58:29       0    174     45 
#Time         gpu  rxpci  txpci 
#HH:MM:SS     Idx   MB/s   MB/s 
 19:58:30       0      7   3761 
 19:58:31       0    130    269 
 19:58:33       0    174     45 
 19:58:34       0     49    215 
 19:58:35       0      0      0 
 19:58:36       0      0      0 
 19:58:37       0      0      0 
